data = ...
[
1	-1
2	0
3	-1
4	0
5	-1
6	0
7	-1
8	-1
9	0
10	-1
11	0
12	-1
13	0
14	-1
15	-1
16	-1
17	-1
18	0
19	-1
20	0
21	-1
22	-1
23	-1
24	-1
25	-1
26	-1
27	0
28	0
29	-1
30	0
31	-1
32	-1
33	-1
34	-1
35	-1
36	-1
37	0
38	-1
39	0
40	0
41	0
42	0
43	-1
44	0
45	-1
46	0
47	0
48	0
49	0
50	0
51	0
52	0
53	0
54	0
55	0
56	0
57	0
58	0
59	0
60	0
61	0
62	0
63	0
64	0
65	0
66	0
67	0
68	0
69	0
70	0
71	0
72	0
73	0
74	0
75	0
76	0
77	0
78	0
79	0
80	0
81	0
82	0
83	0
84	0
85	0
86	0
87	0
88	0
89	0
90	0
91	0
92	0
93	0
94	0
95	0
96	0
97	0
98	0
99	0
100	0
101	0
102	0
103	0
104	0
105	0
106	0
107	0
108	0
109	0
110	0
111	0
112	0
113	0
114	0
115	0
116	0
117	0
118	0
119	0
120	0
121	0
122	4
123	0
124	1
125	0
126	0
127	0
128	0
129	2
130	0
131	1
132	0
133	1
134	0
135	0
136	1
137	0
138	1
139	0
140	1
141	2
142	1
143	1
144	0
145	1
146	0
147	1
148	1
149	1
150	1
151	1
152	1
153	2
154	-3
155	1
156	0
157	1
158	1
159	-1
160	1
161	0
162	1
163	0
164	1
165	1
166	1
167	0
168	1
169	1
170	1
171	1
172	0
173	0
174	0
175	0
176	0
177	0
178	1
179	0
180	-7
181	0
182	0
183	0
184	0
185	0
186	0
187	-1
188	0
189	0
190	0
191	0
192	0
193	0
194	0
195	0
196	0
197	0
198	0
199	0
200	0
201	0
202	0
203	0
204	0
205	0
206	0
207	0
208	0
209	0
210	0
211	0
212	0
213	0
214	0
215	0
216	0
217	0
218	0
219	0
220	0
221	0
222	0
223	1
224	0
225	0
226	0
227	0
228	0
229	0
230	0
231	0
232	0
233	1
234	1
235	1
236	1
237	1
238	0
239	1
240	0
241	1
242	1
243	1
244	1
245	1
246	1
247	1
248	1
249	1
250	1
251	1
252	1
253	1
254	1
255	1
256	1
257	1
258	1
259	1
260	1
261	1
262	1
263	1
264	1
265	1
266	1
267	1
268	1
269	1
270	1
271	1
272	1
273	1
274	1
275	1
276	1
277	1
278	1
279	1
280	1
281	1
282	1
283	1
284	1
285	1
286	1
287	1
288	1
289	1
290	1
291	1
292	1
293	1
294	1
295	1
296	1
297	1
298	1
299	1
300	1
301	1
302	1
303	0
304	1
305	0
306	1
307	1
308	1
309	1
310	0
311	1
312	0
313	1
314	0
315	1
316	0
317	1
318	1
319	0
320	1
321	0
322	1
323	0
324	3
325	0
326	2
327	1
328	1
329	1
330	1
331	9
332	0
333	2
334	0
335	1
336	1
337	1
338	2
339	1
340	2
341	0
342	1
343	0
344	1
345	2
346	1
347	2
348	0
349	1
350	1
351	1
352	1
353	1
354	2
355	1
356	1
357	1
358	1
359	1
360	1
361	1
362	1
363	1
364	1
365	1
366	1
367	1
368	1
369	1
370	1
371	1
372	1
373	1
374	1
375	1
376	1
377	1
378	1
379	1
380	1
381	1
382	1
383	1
384	1
385	1
386	1
387	1
388	1
389	1
390	1
391	1
392	1
393	1
394	1
395	1
396	1
397	1
398	1
399	1
400	1
401	1
402	1
403	1
404	1
405	1
406	1
407	1
408	1
409	1
410	1
411	1
412	1
413	1
414	1
415	1
416	1
417	1
418	2
419	1
420	1
421	1
422	1
423	1
424	1
425	2
426	1
427	1
428	1
429	2
430	2
431	2
432	2
433	1
434	2
435	1
436	2
437	2
438	2
439	2
440	2
441	2
442	2
443	2
444	2
445	2
446	2
447	2
448	2
449	2
450	2
451	2
452	2
453	2
454	2
455	2
456	2
457	2
458	2
459	2
460	2
461	2
462	2
463	2
464	2
465	-2
466	2
467	2
468	0
469	2
470	2
471	2
472	2
473	2
474	2
475	-6
476	2
477	1
478	2
479	2
480	2
481	2
482	0
483	2
484	1
485	2
486	1
487	2
488	2
489	-2
490	2
491	1
492	2
493	2
494	2
495	2
496	1
497	1
498	2
499	2
500	1
501	1
502	1
503	2
504	1
505	-2
506	1
507	1
508	1
509	1
510	1
511	1
512	5
513	1
514	0
515	1
516	1
517	1
518	1
519	3
520	1
521	2
522	1
523	2
524	1
525	1
526	1
527	1
528	2
529	1
530	2
531	3
532	2
533	2
534	1
535	2
536	1
537	2
538	6
539	2
540	2
541	2
542	2
543	3
544	2
545	2
546	2
547	2
548	2
549	2
550	2
551	2
552	2
553	2
554	2
555	2
556	2
557	2
558	2
559	2
560	2
561	2
562	2
563	2
564	2
565	2
566	2
567	2
568	2
569	2
570	2
571	2
572	2
573	2
574	2
575	2
576	2
577	2
578	2
579	2
580	2
581	2
582	2
583	2
584	2
585	2
586	2
587	2
588	2
589	2
590	2
591	2
592	2
593	2
594	2
595	2
596	2
597	2
598	2
599	2
600	2
601	2
602	2
603	2
604	2
605	2
606	2
607	2
608	2
609	2
610	2
611	2
612	2
613	3
614	2
615	2
616	2
617	2
618	2
619	2
620	3
621	2
622	2
623	2
624	3
625	3
626	3
627	2
628	2
629	3
630	3
631	3
632	3
633	3
634	3
635	3
636	3
637	2
638	3
639	2
640	3
641	2
642	3
643	3
644	2
645	3
646	2
647	3
648	2
649	3
650	2
651	2
652	3
653	2
654	3
655	2
656	3
657	2
658	2
659	2
660	2
661	3
662	2
663	3
664	2
665	3
666	2
667	2
668	2
669	2
670	2
671	2
672	2
673	3
674	2
675	3
676	2
677	2
678	2
679	2
680	2
681	2
682	2
683	2
684	2
685	2
686	2
687	2
688	2
689	2
690	2
691	2
692	2
693	2
694	2
695	2
696	2
697	2
698	2
699	2
700	2
701	2
702	2
703	2
704	2
705	2
706	2
707	6
708	2
709	2
710	2
711	2
712	2
713	2
714	4
715	2
716	3
717	2
718	3
719	2
720	2
721	3
722	2
723	3
724	2
725	3
726	4
727	3
728	3
729	2
730	3
731	2
732	3
733	3
734	3
735	3
736	2
737	3
738	4
739	3
740	3
741	3
742	3
743	3
744	3
745	3
746	3
747	3
748	3
749	3
750	3
751	3
752	3
753	3
754	3
755	3
756	3
757	3
758	3
759	3
760	3
761	3
762	3
763	3
764	3
765	3
766	3
767	3
768	3
769	3
770	3
771	3
772	3
773	3
774	3
775	3
776	3
777	3
778	3
779	3
780	3
781	3
782	3
783	3
784	3
785	3
786	3
787	3
788	3
789	3
790	3
791	3
792	3
793	1
794	3
795	3
796	3
797	3
798	3
799	3
800	2
801	3
802	3
803	3
804	3
805	3
806	3
807	1
808	3
809	2
810	3
811	3
812	3
813	4
814	3
815	4
816	2
817	3
818	2
819	3
820	4
821	4
822	3
823	1
824	3
825	3
826	3
827	3
828	4
829	3
830	3
831	3
832	3
833	3
834	3
835	3
836	3
837	2
838	3
839	3
840	3
841	3
842	3
843	3
844	3
845	3
846	3
847	3
848	3
849	3
850	3
851	3
852	3
853	3
854	3
855	3
856	3
857	3
858	3
859	3
860	3
861	3
862	3
863	3
864	3
865	3
866	3
867	3
868	3
869	3
870	3
871	3
872	3
873	3
874	3
875	3
876	3
877	3
878	3
879	3
880	3
881	3
882	3
883	3
884	3
885	3
886	3
887	3
888	3
889	3
890	3
891	3
892	3
893	3
894	3
895	3
896	3
897	3
898	3
899	3
900	3
901	3
902	3
903	3
904	3
905	3
906	3
907	3
908	3
909	4
910	3
911	3
912	3
913	3
914	7
915	3
916	4
917	3
918	4
919	3
920	4
921	5
922	3
923	4
924	3
925	4
926	3
927	4
928	4
929	4
930	4
931	3
932	4
933	5
934	4
935	4
936	4
937	4
938	4
939	4
940	4
941	4
942	4
943	4
944	4
945	4
946	4
947	4
948	4
949	4
950	4
951	4
952	4
953	4
954	4
955	4
956	4
957	4
958	4
959	4
960	3
961	4
962	3
963	4
964	3
965	4
966	3
967	3
968	4
969	3
970	4
971	4
972	3
973	4
974	3
975	4
976	3
977	4
978	3
979	3
980	4
981	3
982	4
983	3
984	4
985	3
986	4
987	3
988	3
989	4
990	3
991	4
992	3
993	3
994	3
995	3
996	3
997	3
998	4
999	3
1000	3
1001	0
1002	0
1003	0
1004	0
1005	0
1006	0
1007	0
1008	0
1009	0
1010	0
1011	0
1012	0
1013	0
1014	0
1015	0
1016	0
1017	0
1018	0
1019	0
1020	0
1021	0
1022	0
1023	0
1024	0
1025	0
1026	0
1027	0
1028	0
1029	0
1030	0
1031	0
1032	0
1033	0
1034	0
1035	0
1036	0
1037	0
1038	8
1039	0
1040	1
1041	0
1042	0
1043	0
1044	0
1045	2
1046	0
1047	1
1048	0
1049	1
1050	0
1051	0
1052	1
1053	0
1054	1
1055	0
1056	1
1057	2
1058	1
1059	-1
1060	0
1061	1
1062	0
1063	1
1064	1
1065	1
1066	1
1067	1
1068	1
1069	0
1070	1
1071	0
1072	1
1073	1
1074	1
1075	1
1076	-3
1077	1
1078	0
1079	1
1080	0
1081	1
1082	1
1083	-1
1084	0
1085	0
1086	1
1087	1
1088	1
1089	-1
1090	1
1091	0
1092	0
1093	0
1094	0
1095	0
1096	0
1097	-1
1098	0
1099	0
1100	0
1101	0
1102	0
1103	0
1104	0
1105	0
1106	1
1107	0
1108	0
1109	0
1110	0
1111	0
1112	0
1113	0
1114	0
1115	0
1116	0
1117	0
1118	0
1119	0
1120	0
1121	0
1122	0
1123	0
1124	0
1125	0
1126	0
1127	0
1128	0
1129	0
1130	0
1131	0
